$GPGGA,100615.000,4000.0000,N,11559.9998,E,1,21,0.6,48.8,M,0.0,M,,*52
$GPGLL,4000.0000,N,11559.9998,E,100615.000,A*3B
$GNGSA,A,3,30,16,32,23,31,25,29,13,20,14,,,1.4,0.6,1.3*22
$GNGSA,A,3,203,204,202,212,201,208,210,209,211,206,205,,1.4,0.6,1.3*1B
$GPGSV,4,1,16,02,26,295,,03,25,046,,05,68,009,,11,68,009,*70
$GPGSV,4,2,16,13,38,128,28,14,38,128,49,16,25,215,49,18,56,221,*78
$GPGSV,4,3,16,20,26,295,49,21,68,009,,23,13,312,27,25,25,046,50*79
$GPGSV,4,4,16,29,28,082,49,30,56,221,51,31,68,009,49,32,43,261,36*73
$BDGSV,3,1,11,201,37,145,39,202,37,215,42,203,43,188,43,204,26,123,39*6B
$BDGSV,3,2,11,205,17,114,41,206,38,221,42,208,56,299,42,209,30,059,42*6E
$BDGSV,3,3,11,210,16,117,43,211,44,285,42,212,41,207,42*60
$GPRMC,100615.000,A,4000.0000,N,11559.9998,E,0.00,0.00,050313,,*08
$GPVTG,0.00,T,,M,0.00,N,0.00,K*50
$GPZDA,100615.000,05,03,2013,00,00*53